using System;
using System.Collections.Generic;
using System.Linq;
using System.Text;
using System.Threading.Tasks;

namespace Учеба
{
    class Program
    {
        static void Main()
        {
            int sum_ubiyca = 0;//счетчики для подсчета суммы в цикле
            double sum_stray = 0;
            //массивы с суммами по каждому объекту
            int[] ubiuca = new int[] { 1931000, 318900, 301000, 293100, 287300, 286000, 172000, 144000, 140100, 132300, 120400, 120000, 113700, 105400, 104900, 103900, 99400, 97100, 95200, 91100, 87000, 85000, 82000, 78200, 76700, 68500, 66100, 65500, 63200, 58500, 57600, 57200, 57000, 56800, 56500, 55600, 55500, 55400, 55000, 54500, 53400, 52700, 52300, 51200, 51100, 51000, 50600, 50550, 50100, 49300, 48500, 45900, 42600, 41650, 41400, 39200, 38200, 38000, 38000, 37400, 36900, 35100, 34900, 34750, 34550, 34150, 34000, 33700, 33150, 33000, 32500, 32100, 32000, 32000, 31300, 30100, 30000, 29750, 28800, 28300, 27800, 27700, 26600, 26550, 26500, 26200, 26000, 25600, 25600, 25500, 25000, 25000, 25000, 24800, 24700, 24200, 24000, 23850, 23550, 23050, 23000, 22800, 22600, 22600, 22600, 22500, 22350, 22500, 21900, 21700, 21500, 21500, 21300, 21200, 21200, 21100, 21000, 20800, 20550, 20100, 20000, 20000, 20000, 19900, 19700, 19400, 19300, 19250, 19200, 19150, 18900, 18800, 18800, 18250, 18200, 18000, 18000, 17650, 17500, 17200, 17100, 17100, 17100, 17000, 17000, 17000, 16900, 16650, 16250, 16100, 16100, 16050, 16000, 16000, 16000, 15500, 15400, 15400, 15350, 15100, 15100, 15000, 15000, 14600, 14500, 14400, 14400, 14400, 14100, 14100, 14100, 14000, 14000, 14000, 13800, 13650, 13600, 13550, 13500, 13500, 13300, 13200, 13200, 13050, 13000, 13000, 13000, 12600, 12600, 12300, 12250, 12200, 12050, 12000, 12000, 12000, 12000, 12000, 12000, 12000, 12000, 12000, 11900, 11850, 11800, 11700, 11600, 11600, 11600, 11600, 11600, 11500, 11500, 11400, 11350, 11100, 11100, 11100, 11000, 11000, 11000, 11000, 11000, 10800, 10700, 10600, 10600, 10600, 10550, 10500, 10450, 10400, 10400, 10300, 10300, 10250, 10050, 10050, 10050, 10000, 10000 };

            double[] stray = new double[] { 641000, 100000, 410003, 368142, 352921, 322730, 312100, 280950, 250715, 157000, 148706, 145474, 141500, 138480, 131998, 124296, 122812, 116700, 112730, 111436, 100609, 98230, 94000, 93000, 92898, 91656, 91000, 81261, 78466, 77900, 75143, 75000, 71050, 70930, 69301, 69229, 68961, 65648, 65375, 58559, 58110, 58000, 57744, 56800, 56201, 56156, 56100, 55650, 55000, 54278, 54056, 53000, 52001, 51150, 49200, 47317, 45873, 43485, 43228, 42532, 42357, 41730, 41719, 40300, 39072, 39000, 38209, 38000, 37800, 37000, 37000, 35500, 35500, 35065, 35020, 34966, 34700, 34275, 34259, 32457, 32411, 32000, 31200, 30800, 30300, 30200, 30000, 30000, 29605, 29510, 29200, 29150, 28660, 28000, 27504, 27240, 27210, 27100, 26700, 26669, 26534, 26500, 26400, 26100, 26000, 25991, 25400, 25200, 24177, 24150, 24000, 23712, 23400, 23400, 23366, 23119, 23100, 22950, 22671, 22311, 22220, 22143, 22001, 21918, 21308, 21200, 21110, 21049, 21000, 21000, 20710, 20555, 20450, 20350, 20300, 20100, 20007, 19600, 19600, 19399, 19385, 19282, 19055, 19000, 18832, 18800, 18780, 18770, 18600, 18555, 18500, 18300, 18211, 18200, 18100, 18072, 18069, 18000, 17400, 17316, 17300, 17200, 17146, 17000, 17000, 16736, 16600, 16500, 16319, 16250, 16205, 16170, 16063, 16000, 16000, 16000, 15905, 15864, 15782, 15773, 15600, 15600, 15496, 15474, 15423, 15405, 15350, 15300, 15200, 15200, 15039, 15000, 15000, 14960, 14950, 14931, 14850, 14510, 14476, 14396, 14350, 14308, 14300, 14190, 14163, 14160, 14100, 14100, 13983, 13900, 13780, 13728, 13700, 13600, 13600, 13516, 13515, 13400, 13311, 13300, 13250, 13200, 13184, 13150, 13135, 13114, 13101, 13050, 13000, 13000, 13000, 12700, 12666, 12665, 12555, 12500, 12485, 12291, 12100, 12094, 12073, 12021, 12000, 12000, 12000, 12000, 12000, 11944, 11850, 11820, 11810, 11600, 11600, 11564, 11550, 11520, 11500, 11321, 11302, 11300, 11294, 11100, 11100, 11080, 11066, 11000, 11000, 10980, 10866, 10810, 10628, 10600, 10596, 10525, 10500, 10440, 10430, 10400, 10300, 10228, 10144, 10100, 10090, 10053, 10000, 10000, 10000, 10000, 10000, 10000, 9800, 9768, 9750, 9600, 9600, 9570, 9500, 9500, 9496, 9400, 9400, 9355, 9355, 9309, 9250, 9211, 9200, 9200, 9155, 9109, 9100, 9100, 9055, 9050, 9000, 8999, 8900, 8900, 8850, 8676, 8642, 8634, 8610, 8600, 8510, 8331, 8300, 8220, 8200, 8185, 8174, 8150, 8100, 8100, 8100, 8007, 8000, 8000, 8000, 8000, 8000, 8000, 8000, 8000, 8000, 8000, 8000, 7999, 7900, 7826, 7777, 7777, 7755, 7700, 7700, 7664, 7660, 7600, 7600, 7583, 7556, 7529, 7522, 7500, 7500, 7428, 7400, 7349, 7322, 7310, 7300, 7225, 7221, 7219, 7206, 7200, 7165, 7155, 7155, 7150, 7139, 7111, 7100, 7100, 7100, 7050, 7000, 7000, 7000, 7000, 6986, 6947, 6900, 6860, 6800, 6800, 6725, 6725, 6700, 6700, 6700, 6693, 6680, 6657, 6607, 6602, 6500, 6500, 6500, 6444, 6441, 6410, 6404, 6378, 6370, 6350, 6350, 6328, 6300, 6300, 6280, 6255, 6250, 6213, 6200, 6200, 6100, 6100, 6100, 6100, 6050, 6010, 6005, 6001, 6000, 6000, 6000, 6000, 6000, 6000, 6000, 6000, 6000, 6000, 6000, 5980, 5725, 5700, 5700, 5700, 5666, 5650, 5622, 5555, 5555, 5540, 5525, 5506, 5505, 5500, 5500, 5479, 5451, 5437, 5350, 5345, 5305, 5300, 5300, 5290, 5250, 5250, 5200, 5200, 5192, 5191, 5150, 5121, 5110, 5110, 5100, 5100, 5100, 5100, 5100, 5067, 5056, 5044, 5000, 5000, 5000, 5000, 5000, 5000, 5000, 5000, 5000, 5000, 5000, 5000, 5000, 5000, 5000, 5000, 5000, 4948, 4944, 4920, 4914, 4900, 4900, 4838, 4775, 4763, 4750, 4746, 4700, 4700, 4674, 4615, 4600, 4577, 4575, 4570, 4501, 4500, 4499, 4472, 4452, 4430, 4428, 4400, 4400, 4395, 4355, 4338, 4325, 4300, 4275, 4254, 4245, 4240, 4225, 4220, 4216, 4200, 4200, 4200, 4200, 4200, 4190, 4150, 4111, 4110, 4110, 4100, 4100, 4050, 4004, 4004, 4001, 4001, 4000, 4000, 4000, 4000, 4000, 4000, 4000, 4000, 4000, 4000, 4000, 4000, 4000, 4000, 4000, 4000, 4000, 4000, 4000, 4000, 4000, 4000, 3950, 3920, 3912, 3905, 3900, 3876, 3811, 3800, 3800, 3778, 3750, 3731, 3720, 3700, 3666, 3650, 3600, 3600, 3600, 3575, 3558, 3558, 3532, 3501, 3500, 3500, 3500, 3500, 3500, 3500, 3497, 3475, 3463, 3450, 3440, 3415, 3400, 3400, 3355, 3342, 3333, 3328, 3322, 3310, 3310, 3307, 3300, 3300, 3300, 3300, 3300, 3300, 3265, 3260, 3250, 3250, 3245, 3230, 3228, 3222, 3200, 3200, 3200, 3200, 3200, 3125, 3105, 3100, 3100, 3100, 3100, 3100, 3100, 3098, 3056, 3055, 3055, 3050, 3042 };
            //массив с суммами в долларах
            int[] stray_dollar = new int[] { 4965, 3440, 1613, 550, 517, 428, 300, 242, 192, 174, 77 };
            
            double[] Dollar_Rub = new double[] { };//создаем массив, в котором будут храниться суммы переведенные из долларов в рубли
            double Dollar = 64.6;//курс
            double rub_sum = 0;//значение из долларов в рубли

            for(int i = 0; i < stray_dollar.Length; i++)//цикл в котором переводим доллары
            {
                rub_sum = stray_dollar[i] * Dollar;//конвертация
                if (Dollar_Rub.Length < stray_dollar.Length)//динамически увеличиваем массив
                {
                    Array.Resize(ref Dollar_Rub, Dollar_Rub.Length + 1);
                }
                Dollar_Rub[i] = rub_sum;//наполняем массив сконвертированными значениями
            }

            List<double> stray_list = new List<double>();//создаем промежуточный массив
            stray_list.AddRange(stray);//присваиваем ему значения из двух массивов
            stray_list.AddRange(Dollar_Rub);

            double[] stray_result = stray_list.ToArray();//создали и присвоили два массива в один

            for (int i = 0; i < ubiuca.Length; i++)//подсчитываем суммы по элементам массива
            {
                sum_ubiyca += ubiuca[i];
            }

            Console.WriteLine($"Убийца:\nКоличество - {ubiuca.Length}\nСумма - {sum_ubiyca}\n");

            for (int i = 0; i < stray_result.Length; i++)
            {
                sum_stray += stray_result[i];
            }

            Console.WriteLine($"Стрэй:\nКоличество - {stray.Length}\nСумма - {sum_stray}\n");
        }
    }
}